[Header],,,,,,,
IEMFileVersion,5,,,,,,
Investigator Name,Romas_Vaisvila,,,,,,
Experiment Name,Rita_3T3_04,,,,,,
Date,06/02/21,,,,,,
Workflow,GenerateFASTQ,,,,,,
Application,FASTQ Only,,,,,,
Instrument Type,,,,,,,
Assay,TruSeq LT,,,,,,
Description,,,,,,,
Chemistry,Default,,,,,,
,,,,,,,
[Reads],,,,,,,
75,,,,,,,
75,,,,,,,
,,,,,,,
[Settings],,,,,,,
,,,,,,,
[Data],,,,,,,
Sample_ID,Sample_Name,Sample_Plate,Sample_Well,I7_Index_ID,index,Sample_Project,Description
1,,,,Index_1,ATCACG,,vaisvila@neb.com
2,,,,Index_2,CGATGT,,vaisvila@neb.com
3,,,,Index_3,TTAGGC,,vaisvila@neb.com
4,,,,Index_4,TGACCA,,vaisvila@neb.com
5,,,,Index_5,ACAGTG,,vaisvila@neb.com
6,,,,Index_6,GCCAAT,,vaisvila@neb.com
7,,,,Index_7,CAGATC,,vaisvila@neb.com
8,,,,Index_8,ACTTGA,,vaisvila@neb.com
9,,,,Index_9,GATCAG,,vaisvila@neb.com
10,,,,Index_10,TAGCTT,,vaisvila@neb.com
11,,,,Index_11,GGCTAC,,vaisvila@neb.com
12,,,,Index_12,CTTGTA,,vaisvila@neb.com
13,,,,Index_13,AGTCAA,,vaisvila@neb.com
14,,,,Index_14,AGTTCC,,vaisvila@neb.com
15,,,,Index_15,ATGTCA,,vaisvila@neb.com
16,,,,Index_16,CCGTCC,,vaisvila@neb.com